28452
11849
4110
15184
32078
2998
17475
3196
18083
26215
18525
6888
17778
32002
6074
3719
29619
19499
15552
1850
29839
8695
26235
27624
30498
1443
391
12241
13951
18310
22577
543
15092
19780
32217
7102
16528
28229
2459
8046
26339
29797
25646
16407
3589
5357
11531
8540
1242
30147
31442
9842
27795
4829
31466
9011
30072
6139
13416
9070
22757
662
29235
15490
13459
8211
6245
7467
11033
15421
26868
20379
28083
5106
31633
25037
4929
24604
27856
26646
24723
3300
2186
3581
26083
28962
29568
10572
5539
6679
6208
871
14458
32606
23373
19677
25225
13088
23162
28477
19954
25224
15255
12587
16027
14966
20047
24754
21295
1144
1361
30684
26470
4086
2734
28544
27527
15276
29570
13404
21803
13149
22231
29283
3395
13766
19398
10840
32604
30418
4831
17820
11810
29196
28364
7237
28963
16729
28720
8559
16342
19431
14549
10711
11740
24929
31239
166
31877
5477
12859
16010
26006
28471
28149
5899
842
16823
4072
4125
31126
16272
25694
22513
17585
8115
986
11537
20692
26116
18684
3244
16191
9298
23974
6958
31868
18317
9053
31508
3047
17715
31474
1535
11374
15628
12129
7175
14998
25367
2041
32081
29630
17860
17853
25060
32424
17507
4107
17336
23861
18909
5243
3856
11120
8098
24074
11530
20430
27874
10104
7285
181
13824
11502
3298
17210
28740
16612
12286
18223
32208
10306
13599
17501
9685
453
8988
15630
23814
15525
1122
18895
29261
25205
6468
21107
29629
14410
1171
22619
24521
31519
9839
13813
30387
15224
6492
30595
16455
7238
1433
12574
6600
30987
16045
30202
24619
14142
24386
21739
2691
18161
22326
32296
18621
5809
8176
30288
31373
32430
2800
31402
4776
26396
24234
31409
14900
11736
13717
19152
18556
3919
21375
29802
25321
5788
25891
18205
22830
22768
24061
3912
4546
55
26717
5578
6803
26872
7099
19725
12793
22397
27978
20292
23528
2101
3791
4592
22379
8022
12212
29353
2125
15302
21592
283
10521
12604
14250
10831
22854
11683
27382
10540
23467
19903
10239
24637
6457
25874
2381
180
15336
32001
7368
8879
30194
20275
1158
12987
18752
16186
6626
22678
25377
6005
18126
15162
24642
3380
2410
17942
3291
20510
21973
21407
29990
10448
19010
24839
23061
27335
26959
12108
24132
15744
20115
30069
32557
221
4470
2073
11931
20683
19014
6688
8289
27682
28039
31437
8267
717
29066
29949
1109
12074
29249
13225
3867
7859
18257
20402
22161
11743
16489
27358
756
31555
31698
31773
31232
13821
2888
12562
19044
11090
23305
2254
27507
22422
3883
3039
9500
32332
19250
17801
13340
3471
6114
25171
32370
20657
23378
6086
27667
13857
5954
14705
14304
11410
25006
7984
19669
23385
19364
16558
899
14871
10834
10793
21440
19353
30307
11893
20125
32764
13708
31300
29848
533
8801
27812
15379
29712
1646
22729
23557
24406
31363
5389
12016
23477
335
31541
16915
12731
12336
15862
25824
31842
23114
14264
19632
3571
29143
5785
8374
7204
5053
2485
561
30595
29030
21413
25830
21016
3276
26181
19406
22854
31443
27578
15884
9971
8156
24756
2081
19945
6807
9201
7523
1403
20760
7939
11692
14443
21550
27730
17231
31499
3312
7780
32080
11427
26776
3164
14804
18451
30357
18369
17622
10169
11483
8065
24348
16533
18046
21558
12649
6315
28799
24999
32757
31913
14566
402
12826
14538
29712
19369
592
22778
3147
5850
27227
13371
28576
32723
8131
18247
4080
14534
13445
8823
10563
1641
12296
28387
16988
3650
13394
20171
7057
23073
892
7478
32729
13550
31075
20696
11303
17572
19873
1593
16630
1438
12732
29972
29221
2834
8092
21757
26886
10459
27715
30023
3250
27259
29368
3109
9375
31584
27460
271
2420
25702
17121
13928
22555
17054
1776
5725
23320
23374
14634
26384
7706
12600
8153
10742
24528
32543
26184
2685
22014
15240
8568
8179
30672
2494
3348
1699
17006
15384
5287
5185
11216
19326
32013
11144
14292
26666
16936
29473
25486
1964
31956
29639
23263
5169
25884
25001
11337
8452
17582
5391
28417
18517
28044
30273
3910
5690
2309
24741
13554
9459
21220
16679
30799
20082
5351
29661
22827
5915
30322
9451
11311
13768
29829
14501
29292
23824
5612
32500
20279
10697
12213
13819
4151
23243
19943
8186
31676
13815
5233
12402
22866
15992
11361
5258
26775
8265
4438
6833
14921
29943
21304
15749
8099
17833
8230
22003
9194
28253
10928
14496
17475
18036
16455
17032
22983
12913
9201
6374
27097
766
322
8275
20663
17712
2951
28465
31312
26635
7492
16202
7510
23369
27617
8885
11411
2903
9120
32762
29312
24225
32722
6517
2836
6159
13131
9216
12250
17103
13587
12492
2630
2902
17758
28304
73
10657
16062
1510
12067
16577
1944
5361
2169
22422
14293
3652
17831
20187
18137
32511
9559
30818
21945
59
10067
13217
27048
22441
14999
13166
10931
2933
4523
20743
31407
28017
4399
4181
30831
24943
3255
14706
17210
25326
17882
11112
4731
3578
24966
19516
30139
12109
18326
14891
20685
8122
8359
8755
26696
28364
26151
24533
4667
8362
14510
18970
24347
829
28818
20948
20224
24213
7350
21798
26385
1161
25506
19526
15165
926
31449
13186
16429
299
10342
22145
31094
32442
697
24780
22546
3760
25265
22412
23825
15409
15354
24726
21644
10814
20377
31396
15579
11808
27845
2789
11783
26890
13305
25529
21890
9466
4167
10421
23062
30944
23279
13294
15388
30722
23856
24692
1518
28831
9310
24092
24735
32210
23605
29315
24809
28858
9069
19279
8294
21720
3726
17848
30467
5048
19718
20296
26803
31700
9337
17374
7008
11957
13912
27897
26919
14939
17333
1587
25284
25055
25430
27404
22091
22871
24072
20969
11802
30970
9525
14429
15371
11141
6073
25766
17646
7133
2290
8315
24630
26101
15894
4357
32754
20210
21962
20523
13567
18573
19952
11026
892
17337
7104
10724
23423
5766
2586
17617
2566
31046
21018
27220
13873
24302
8686
15032
16046
11455
1508
7386
2932
5413
26567
4144
10164
6623
6252
24586
14348
31072
6024
7192
8447
2933
3524
31277
29090
20777
11540
1346
26263
15334
27460
15806
6463
28636
19156
3829
12076
1446
9733
15854
7637
3883
12340
13673
22158
25539
8551
21280
28343
30620
16422
6734
6195
16987
15756
